560 118 -601 101 -99 705 -786 745 -632 -630 750 -51 -413 -866 -760 -450 -666 -37 916 513 -766 764 408 -244 -755 -441 -569 601 -396 -521 -873 536 975 126 -724 -518 -512 400 926 613 34 -297 488 881 865 910 981 603 -599 -311 -225 391 -643 697 -246 -65 104 -278 794 -776 -381 -478
631 -508 580 -684 -56 -982 116 113 -497 6 565 -182 -248 371 -349 34 389 -929 -713 -70 620 324 165 954 369 782 360 -300 -336 225 569 636 966 -666 -821 494 569 -968 178 465 -888 898 -347 -514 651 652 -891 -281 895 -979
-941 312 990 520 -826 -334 -635 193 625 -883 -783 382 -298 457 -658 602 912 -723 -4 -504 -839 -472 -240 886 297 731 -940 -904 695 649 -973 162 -208 -639 987 -227 -863 -407 -582 820 280 -448 -345 400 249 -711 534 -662 -721 -972 47 239 896
-337 422 -216 -622 -857 61 909 -506 -322 489 607 85 -432 538 873 -501 -697 395 -491 -191 -27 -405 -32 -902 431 661 -240 23 -352
958 -745 -620 816 -272 -404 568 -306 527 -405 -304 -133 -596 962 -601 437 825 -86 330 -82 502 -674 -784 -301 -214 -3 958 453 -214 566 -151 -855 400 907 -987 -448 -666 -141 -568 -252 -985 652 322 -7 -562 103 -295
305 -676 824 -679 506 -555 -239 1 -441 664 -476 -733 378 -546 -319 -654 153 -456 -833 -470 982 -978 731 308 -423 -680 528 -107 -985 635 -758 -173 670 919 192 190 -252 -823 27
-196 709 -328 76 699 -341 726 -348 613 380 330 103 -676 -567 -946 -506 253 693 881 -125 403 -360 -655 994 -958 -278 598 949 804 468 -690 -206 483 -184 695 652 -278 639 -160 -325 -645 -529 15 843 621 -963 461 -967 -959 433 -843 304 371 -572 -340 928 311 536 -169 216 896 660 -877 448 -110 483 -603 -876 589 630 -862 420 -218
789 257 -71 117 591 179 433 614 110 -79 -73 -648 -493 895 581 -143 262 316 -386 947 76 526 560 994 -320 565 7 520 846 684 765 792 -536 664
-12 -674 -263 -99 216 989 -820 7 -603 -624 251 -662 -688 -503 -890 -74 -866 530 131 577 159 966 -103 -521 264 994 -52 -960 591 -398 777 875 -14 -174 -596 -994 -428 839 -972 960 -643 542 517 -234 -728 -622 -356 141 -668 -215 -417 -819 809 -258 -19 917 594 915 527 -695 -627 -168 172 -176 114 -271 616 -310 -432 -143
280 -242 -488 -801 765 49 -547 480 793 -374 -485 -432 891 693 934 423 624 -780 -989 -923 342 688 -138 -124 -551 442 -268 861 -550 -801 -610 36 412 -833 -424 901 -991 -238 -715 -795 -93 199 661 742 884 249 -321 945 -484 -260
-175 542 -921 861 121 -479 -225 -252 -998 -535 -47 -867 195 -334 -638 400 -361 -450 941 678 830 -597 565 -522 -838 -77 -436 760 185 -457 -186 -132 -417 -724 317 -438 861 620 -166 -539 416 605 155 260 559 298 -156 944 -317 -611
-293 114 464 15 -695 -398 -547 596 -821 650 341 418 52 -124 -207 -907 -395 136 15 248 -132 919 943 911 -793 459 482 814 779 792 414 632 984 -485 385 198 106 -633 -245 453 775
-756 -445 288 -274 -126 188 -586 -914 58 -718 -159 995 -825 113 57 396 576 -106 192 -563 508 -889 -541 -197 -879 124 816 -132 -429 125 595 562 -66 101
-298 -844 959 700 885 -614 -810 813 766 -260 475 -192 -786 -677 -707 493 -77 542 -462 -373 -747 -473 -587 -345 -28 536 -472 -922
-150 -462 81 -233 199 147 -534 -592 855 68 380 533 -640 622 -397 526 -10 490 -412 790 -702 462 -232 68 13 712 992 144 -173 -135 142 -819 613 21 597 984 179 974 772 -685 828 114 -872 -836 73 -464 973 837 638 -103 -340 -988
760 -388 149 410 -858 950 -79 -74 897 -468 -816 -635 -533 104 -737 -385 897 379 -161 -721 -990 229 -979 25 963 965 -524 -659 -395 51 -628 251 -695 621 -343 -25 -588 -785
802 38 675 -998 -380 162 314 -486 846 -184 423 257 664 -944 -443 -718 655 520 -563 52 -2 -945 -253 -589 -714 281 787 263 502 -431 -702 -424 -226 398 600 9 175 34 -948 -801 117 842 676 95 844 -524 -949 45 -508 335 -720 231 469 189 550 435 -709 309 222 -726 867 130 591 359 852 438 -506 -904
-914 -383 36 512 154 937 -245 -582 836 612 -143 711 -674 -841 745 442 -15 921 -965 811 -68 400 -796 -627 -369
-597 697 383 478 89 329 771 259 -552 -309 331 -725 501 -60 -784 -887 846 -794 292 396 605 -578 583 878 -883 70 -458 -327 -336 427 693 -750 -116 -305 542 -293 -464 51 -522 -956 -233 -489 -899 -519 794 -450 -179 -270 -556 649 -162 582 138 696 -93
-677 154 909 -623 562 -93 -973 283 -179 168 602 169 338 241 -511 636 -72 116 715 410 -336 -430 -135 -778 -347 949 12 781 -525 936 190 710 -431 -515 -386 653 -166 173 -238
-431 771 -741 -733 -141 -150 -907 -548 430 -107 -101 789 132 -545 -363 1 -763 384 293 -917 785 -237 -24 -714 36 301 -81 -704 89 288 -770 -892 487
-754 -713 354 655 -169 775 -929 -400 824 -835 -834 -547 -153 -337 -943 -987 -558 661 410 541 -587 283 368 370 889 124 943 129 -437 30
54 -338 439 265 -779 -9 -80 -257 324 312 994 -547 94 59 579 297 -78 -762 609 501 517 -633 -300 -92 621 232 -555 -108 -468 465 -206 990 566 -556 79 250 90 575 -848 842 85 100 -110 228 545 -946 -953
422 384 -813 645 196 -86 -328 626 -955 -448 77 -278 -780 730 -762 823 -137 427 -722 -646 249 -874 270 695 -101 996 174
-169 199 808 -697 -370 -344 -212 479 566 -769 -286 -791 -450 152 -454 249 754 356 356 69 989 -900 -31 -586 470 -945 -945 812
-945 -882 653 657 353 681 577 -762 -517 -675 -471 -334 -586 671 869 659 -445 -552 -18 -373 41 262 -709 716 255 886 545 284 -357 -417 775 -384 -301 138 -101 -911 669 -123 221 515 241 -75 -67 -148 -598 -641 -791 -762 784 465 764 -454 -552 -335 -696
-878 711 -66 -858 316 -510 864 -35 -837 752 -545 -977 -754 564 -659 -312 317 -503 538 -250 372 -670 -71 529 -924 -702 -917 930 -588
-750 -70 302 -920 962 903 -913 -866 -641 -623 -895 -877 87 150 980 -437 -346 222 41 807 252 -378 878 -2 -880 231 -977 -158 -291 -21 -665 -390 -726 966 515 730 -149 167 667 805 767 -19 -653 892 -881 -281 270 722 722 421 8 -446 -199 -5 -941 613 -994 -275
208 151 153 864 236 792 901 -28 -364 117 -822 497 169 371 418 -834 -513 133 -423 -613 -766 -238 26 -611 161 647 220 292 -237 55 -284 -413 739 464 -645 87 -699 851 57 963 -961 714 191 753 -164 586 -899 506 308 977 -919 65 627 -84 411 -760 -150 717 180 850
834 -472 686 680 -482 -835 797 909 -462 -113 922 -244 960 -415 -221 -509 -160 497 662 879 618 -536 -360 517 954
977 -691 41 453 -742 656 568 -273 -77 240 530 755 -800 -782 -713 408 633 -634 781 -178 -631 -639 699 -610 -851 876 -761 -231 -157 372 -299 120 -881 -390 861 -392 863 -897 -671 458 420 -719 153 963 331 823 314 779 963 598 36 510 -9 -428 -957 -518 684 -408 -135 -900 -934 143 -825 -223 666 -134 808 -853
-46 842 -598 -847 580 -624 356 771 -263 73 360 -20 78 870 393 164 908 346 -284 56 246 762 862 289 -815 977 -731 -75 326 -883 -740 333 880 850 -166 361 -459 -845 -911 240 685 -232 292 704 372 908 -112 -129 298 -856 -2 -841 -43 -598 27 -520 -783 142 -803 -714 216 482 -533 241 -416 -212 -856 -208 917 331
638 -115 -88 237 -988 -197 324 475 356 42 -772 277 -694 -708 -453 470 96 -680 498 -336 447 919 723 332 -387 -271 -309 420 587 -194 544 -202 -999 131 -413 197 593 -741 708 -1000 713 798 -348 -509 -85 167 733
-583 -553 -89 -746 -820 -211 -274 457 983 -317 -799 -440 -416 838 -823 -811 837 566 -64 556 -135 -838 -386 -593 -770 972 978
-563 123 -752 -816 -44 -107 -231 -563 -97 -549 393 -529 -772 137 439 545 -540 -82 -422 -620 454 575 -899 481 -309 871 518 -743
-985 894 -377 24 -214 -618 705 341 854 -690 422 -319 -415 260 530 -470 -388 -461 129 -715 -452 779 -26 -805 786 517 -960 -964 -858 -605 -371 -270 -73 -14 199 -177 25 608 888 -18 -18 311 -133 -154 214 611 809 -659 54 318 942 -473 725 275 773 835 436 -691 -386 394 742 483 717 -890 284 161 -379 -20 987 98 -953 846 912 -356 -441
-47 -703 -456 241 -201 128 -510 412 275 128 479 -235 996 -138 774 -465 -7 -982 795 831 -247 894 -637 -970 -108 87 313 -138 843 175 -292
746 409 407 139 899 226 985 870 933 -320 993 -843 944 -742 863 -985 -271 914 549 121 152 -692 -782 679 -46 968 732 -689 -702 575 745 498 773 771 213 -406 -914 171 -419 -116 742 -228 149 -437 -315 905 660 594 179 -301 482 867 -296 -914 -92 -941 -625 416 -538 849 -559 -35 -700 177 431 -872 -73 -102 221 577 539 960
-190 420 869 111 412 788 -198 6 722 -936 -124 -766 201 -456 855 881 -303 -606 136 299 -927 -536 417 -95 359 514 262 896 114 -925 -76 -681 479 892 -707 661 -659 640 -497 444 -585 861 -896 -633
-204 -819 -377 -34 779 827 130 897 380 519 -947 701 -389 833 -11 663 139 -102 550 -257 16 -695 -483 523 -503 -738 -842 336 651 -748 765 -350 577 -841 -97 925 -958 -793 578 -532 687 -185 760 76 324 -724 -115 197 -876 21
855 5 858 443 -532 574 54 676 874 623 -789 202 861 -623 848 -360 948 784 827 404 225 220 644 360 536 95 -822 -165 -634 -635 698 -742 -143 -396 -609 -793 -338 668 -399 -170 413 -63 -769 439 -755 449 -339 927 -251 892 -800 -87 460 246 304 -458
-240 209 -901 -977 744 -956 -258 170 -851 480 244 226 -28 -220 833 535 -744 139 -320 -561 989 791 423 -583 -852 -937 77 55 386
-77 200 -942 -489 -293 761 -945 71 707 -79 -99 647 -790 416 -122 -90 -456 934 615 334 516 -897 368 609 -500 -765 -252 -295 -840 -161 889 -270 -211 491 -254 -164 -913 393 997 -339 -405 -31 115 351 588 -382 -988 -714 -485 966 334 -102 -814 -931 -935 -64 -899 845 443 265 -407 973
-834 624 -656 -977 941 933 -203 -168 168 131 -140 -844 278 -81 -681 -868 31 712 178 -189 -16 676 644 -778 -459 361 11 787 746 -573 322 324 -526 325 -829 893 -269 580 -649 794 -203 -929 773 441 126 820 718 348 316 423 654 108 241 -747 350 -80
-119 -208 324 216 793 385 250 -233 598 851 822 394 -815 -392 -78 913 -870 962 189 502 -122 323 -466 -223 986 934 368 -820 934 -378 745 -744 400 -898 955 778 144 -719 -207 -686 551 -852 -467 -45 -460 909 -970 -500 -298 -488 774 -819 -910 259 -181 352 416 -1 -661 478 -96 -624 555 -205 474 -591 -402 463 667 528 543 -327 -305 -236
744 212 -423 706 212 448 527 -936 -78 -377 358 -991 -236 803 886 593 48 -843 -231 633 88 -581 528 -440 -208 -340 -636 -687 -994 629 751 -695 98 985 686 558 -641 752 -866 164 -53 433
22 -901 857 375 -809 -709 95 639 626 -505 918 -877 -865 -7 595 -436 284 -483 -350 -311 -311 295 930 134 -730 378 -173 -955 -811 792 -629 -364 136 138 271 828 -336 -370 221 -947 -42 824 -188 -183 -970 -196 827
-338 -613 835 -420 -664 -753 -199 -259 -763 142 -165 -764 -114 -255 -816 -96 -318 72 -807 56 -755 951 260 -526 975 516 -35 -363
-669 566 219 658 21 251 -241 833 540 419 37 -144 703 -664 869 -488 -797 519 -530 735 111 -160 -988 -121 -279 863 -735 290 -289 542 -331 -423
-55 672 -315 -918 786 -930 350 -802 -463 -93 659 779 902 368 590 61 609 -595 -291 -625 -835 -548 294 167 966 312 579 226 -817 -797 780 -403 311 -889 -949 -519 -695 896 447 551 -592 -813 480 -995 -491 -568 549 -29 835 -187 -160
637 624 -803 732 -12 -592 -910 -858 -501 598 900 -398 -742 -938 314 17 743 915 -394 -704 -925 629 -369 369 -485 779 -847 264
-135 -889 -543 -301 -977 -427 -140 253 -449 -1 -150 349 -571 342 949 -749 -426 356 -88 889 -560 -514 -484 660 525 131 597 716 174 255 822 499 724 -669 239
-611 -26 -170 -677 584 -897 -169 -793 -244 595 906 -69 -539 -546 -357 399 -971 -701 795 107 903 -361 698 -828 664 904 209 -198 58 594 -113 -20 -789 922 -843 656 -785
840 559 -293 416 -147 901 -844 86 -735 -925 -763 -366 861 -266 -533 341 925 -787 584 -818 886 9 116 -625 -746 567 -454 -306 -924 -231 318 539 -404 355 -784 -118 -284 -999 -924 393 999 -329 -447 870 17 -451 555 -774 596 915 -853 221 170 344 -145 -128
199 -263 687 834 924 936 -977 41 -177 423 -975 193 -950 844 -197 695 285 -684 -258 -223 -395 893 -728 431 -67 715 -916 904 -641