-41 N/A 865 565 N/A -848 N/A -294 -327 N/A -698 316 -852 N/A -498 409 -81 N/A 88 -450 -113 44 -196 85 N/A -676 225 -460 N/A -7 27 -193 -508 N/A 593 -531 -528 -821 683 N/A 216 -498 560 N/A 372 -558 -931 161 -807 N/A 799 -957 88 -984 -742 N/A 142 N/A -146 609 N/A 719
236 N/A 439 -997 815 -84 -339 693 -548 928 N/A 237 183 -158 931 964 -393 -127 799 -404 -970 N/A 311 289 201 -859 819 N/A 333 N/A 871 N/A -990 -413 527 -538 N/A -611 105 N/A 63 N/A 446 -246 N/A 737 -582 -32 699 54 -869 N/A 499 548 N/A 111 N/A 859 N/A 446 N/A -242
-162 160 -319 123 -161 -634 N/A -899 -840 -17 -513 -601 N/A -483 N/A -438 329 N/A 469 813 595 N/A 262 559 5 -448 312 797 665 979 N/A -424 N/A 248 N/A -71 N/A 800
-587 -952 -530 N/A -506 864 -382 N/A 829 3 658 258 992 N/A 346 N/A -758 N/A -841 N/A 33 -708 802 127 -602 192 -222 N/A -511 927 -346
-593 331 N/A -774 -741 944 860 825 944 -48 -433 -378 -293 N/A 759 650 778 N/A -382 -712 N/A 224 136 -999 -693 N/A 759 -285 -614 N/A -875 N/A 855 -640 N/A -372 N/A 159 617 N/A -524 -590 490 240 N/A -150
-600 204 N/A 868 296 655 N/A -465 771 -509 219 613 N/A 59 84 -880 N/A -619 977 489 727 N/A -283 50 401 N/A -353 N/A -882 N/A 742 -80 588 N/A -470 129 -640 -293 -344 N/A 382 704 -262 -383 N/A 939 884 N/A 95 N/A 674 538 107 N/A 440 73 N/A 182 126 -477
95 607 N/A -317 510 N/A -574 N/A 121 444 -457 204 -730 -374 -429 N/A -905 -496 -240 231 -171 N/A -124 N/A -549 N/A -216 483
-660 450 N/A -856 N/A 189 -943 N/A -761 -422 675 824 304 N/A -475 N/A -107 528 568 -731 N/A 46 N/A 930 800 963 -959 862
-226 736 -570 -276 N/A -41 N/A -940 -5 521 -707 11 178 838 119 964 -362 246 872 -319 227 20 N/A -395 N/A -694 613 165 N/A 638 N/A -569 -795 -680 N/A -58 N/A -23 -996 -706 349 N/A 578 N/A -310 N/A 579
862 N/A 53 N/A -843 7 N/A 506 20 363 950 -77 N/A -644 210 N/A 785 N/A -472 -741 432 N/A 812 -809 -96 -280 -277 868 N/A -944 639 -868 N/A -149 -137 -650 200
1 -846 379 N/A -618 -588 496 998 -749 N/A -605 N/A 875 N/A 283 273 N/A -785 N/A 823 248 N/A -764 N/A 297 771 -715 844 N/A 256 746 -843 424 318 -840 -711
-10 -510 -583 -701 113 N/A -929 N/A -570 N/A -712 705 -460 N/A 535 -305 466 -544 344 521 -856 -506 238 N/A 236 317 -532 N/A -716 585 N/A 633 N/A -24 410 52 -813 411 288 -10 N/A 929 N/A 322 -227 N/A -125 390 N/A -812 186 N/A -650 854 -700 323 -614 N/A 479 -780 -995 -100 N/A -172 -362 N/A 161
-600 -45 732 N/A -675 419 -350 -111 -545 111 N/A -306 -928 N/A -467 -482 -882 758 -729 N/A -99 N/A -588 N/A 925 -959 -920 169 984 N/A -825 N/A 990 -524 N/A -376 -700 17 N/A 363 -655 N/A 595 829 347 N/A 458 N/A 990 -327 526 N/A 210 -488 -74 N/A -79 N/A 996 -223 -775 344 -351 -799 -36
-960 919 N/A -888 849 N/A -21 -299 N/A -492 102 -965 N/A -981 -988 N/A 383 -546 421 779 -583 -18 951 N/A -52 -607 670 -572 613 -340 N/A 156 N/A -41 563 N/A 511 N/A -823 676 -83 N/A -537 N/A 126 -655 82 299 750 44 -463 N/A 543 -850 N/A 842 370 377
1 N/A -553 462 -543 N/A -497 N/A 714 N/A 467 -600 N/A -628 N/A -464 -421 -880 867 -919 -978 -669 N/A 981 -625 -265 -144 798 N/A 422 N/A 844 N/A 96 N/A 78 N/A -206 700 14 925 827 -50 663 -825 703 306 309 124 -526 708
-978 -397 -643 -667 N/A -828 44 N/A 404 N/A 229 N/A -279 -639 41 -644 -331 N/A 319 -737 881 986 N/A -256 -199 -349 N/A -139 -139 N/A -734 N/A 923 N/A 457 694 -348 -480 30 -846 667 -277 N/A -7 N/A -957 N/A 62 N/A 799 -138 336 34 509 601 -963 -726 -2 N/A -11
295 -921 104 953 -563 -432 164 N/A -930 226 245 N/A -929 N/A -466 697 N/A 987 -566 N/A 422 219 953 599 N/A -747 860 559 -375 -565 -312 N/A 177 N/A -729 491 -571 -274 N/A 679 -323 392 156 N/A -911 843 538 N/A 211 N/A 268 N/A 967 180
554 N/A -729 458 -455 -217 -123 -496 N/A -682 N/A 427 N/A -476 303 N/A -516 -845 N/A -477 447 117 -833 N/A -818 498 532 -298 665 -422 218 371 307 N/A 372 -643 352 N/A 547 -84 -759 N/A 91 -821 412 -614 897 N/A -776 -196 N/A 114 N/A -512 N/A -853
-884 913 N/A -761 N/A 548 155 856 -187 794 704 -869 N/A 91 32 968 676 N/A 250 813 758 N/A 67 -753 N/A -277 N/A 948 909 563 321 494 -167 -666 N/A 208 -748 N/A -973 636 825 -341 N/A -942 N/A 766 -817 -290 N/A 433 N/A 286 -815 -699 N/A 814
584 N/A 899 851 N/A -225 N/A 917 718 172 N/A -611 636 -383 -257 66 71 N/A -703 777 N/A -224 940 940 554 -802 -414 281 -402 N/A -362 -366 -588 N/A -364 17 N/A 456 165 N/A -771 N/A 179 N/A 527 N/A -663 -14 239 N/A 890 987 542 -175 710 -976 984 -939 N/A 659 676 N/A 111 937 -787
-442 -774 878 -340 388 -522 -377 N/A 519 N/A 551 613 -652 N/A -487 N/A 78 290 -274 413 -969 N/A 378 -143 -890 N/A -733 N/A 224
-81 -575 996 -902 -984 N/A 522 -333 68 758 N/A 899 N/A -485 N/A -678 N/A -863 -922 -942 -946 N/A -33 -625 303 524 -84 -764 -624 -958 N/A -841 -938 -233 -490 N/A 619 N/A -47 -340 N/A 17 -795 831 N/A -212 N/A -850 929
-549 867 724 N/A -792 985 -329 468 558 -110 -921 N/A 142 N/A 376 -888 418 -248 N/A 608 -295 N/A -300 N/A -676 N/A 424 614 -462 -319 659 -237 N/A 293 N/A 689 -782 N/A 145 654 N/A -909 416 -55 N/A 787 -582 855 N/A -501 -192 102 -297
-499 N/A 198 175 N/A 97 24 334 -30 N/A -735 N/A -265 N/A -930 N/A 603 N/A 994 753 -779 123 N/A -89 N/A 615 -775 866 -10 5 189 93 790 368 -822 N/A 456 N/A 266 676 -484 N/A 371 638 52 605 424 -573 191 367 -168
-402 286 N/A -439 -983 -488 N/A -717 921 282 -483 48 529 N/A 386 -773 N/A -588 -517 N/A -917 N/A 923 -301 785 -799 N/A -841 198 565 -992 N/A -951 -946 890 N/A -128 779 -452 N/A -419 -233 960 540 N/A -854
24 -130 -960 -496 -138 N/A -844 -837 38 -934 -264 N/A 308 586 -698 -103 N/A -281 521 N/A 896 -257 N/A 678 -947 550 -640 N/A 45 N/A 198 387 N/A -86 551 N/A -56 -506 N/A -438 N/A 879 N/A -844 76 -280 N/A -253 752 N/A -144 882 651 559 10 N/A -541 -90 375 -911 -466 -773 776 N/A -782 -110 N/A 269 -877 -254
-241 464 -265 441 N/A 383 392 -647 -105 134 N/A -720 193 -416 N/A -563 955 734 -276 N/A 152 N/A 34 -280 -249 N/A -617 597 172 330 N/A 537 -421 N/A 419 N/A -966 N/A -80 N/A -730 897 562 N/A -506 N/A -836 694 -826 -732 949 749 418 N/A -749 841 -6 -236 -927 N/A 597 -836 N/A 321
601 N/A 824 -678 29 -121 -777 492 393 544 -238 976 -633 -869 N/A -863 -682 -569 N/A -16 -411 -484 N/A 278 346 N/A 178 -376 N/A 538 -327 -768 -644 N/A -728 N/A -103 N/A -557 775 N/A -909 -608 N/A 92 -989 N/A -505
36 N/A 424 -230 -33 N/A -813 -577 191 N/A -582 N/A -469 N/A 351 -742 N/A -696 681 -549 336 N/A 118 N/A -577 -938 N/A -684 -812 683 753 -365 155 -421 -677 934 -839 N/A 388 -418 -430 -738 172 -108 263 -259 N/A -117 N/A 925 -798 16 N/A -842 N/A 764
-465 -470 N/A -77 -734 N/A -788 N/A -745 695 N/A -488 N/A -764 75 251 -714 N/A 191 -757 -784 392 767 -829 -539 700 N/A 313 167 -505 -665 -879 998 N/A 847 515 630 -90 N/A 501 N/A 478 635 N/A 854
-334 N/A 802 38 -289 630 145 N/A -468 193 N/A 960 N/A 562 884 N/A -898 -857 N/A -553 -958 N/A 470 610 -530 -644 -662 463 428 -822 N/A 602 -435 N/A -23 N/A -71 476 -277 -362 N/A -505 -643 N/A 297 -602 710 -50 961 307 N/A 204 N/A 954 -646 N/A 221 506 182 -188 -395 -75 N/A 112 -629 -374
-89 999 N/A 946 N/A 330 -583 -934 987 N/A 863 -922 321 N/A 475 -70 844 313 N/A 647 -510 243 N/A -535 -353 679 117 -689 N/A 190 680 N/A 906 17 -459 -496 -180 N/A -508 -218 N/A 537
-732 N/A -710 4 19 N/A -573 N/A -16 N/A 85 -807 652 -320 -48 N/A -923 -807 -865 -969 681 80 740 134 -891 569 -606 176 929 N/A 347 -621 N/A 181 N/A 881 -130 N/A 597 864 N/A 520 N/A 63 -103 312 -655 -817 -226 130 N/A 530 N/A -845 -232 N/A 731 N/A 442 -956
348 179 N/A 416 -728 N/A 788 109 N/A 232 -117 220 -910 N/A -630 -313 909 N/A 805 N/A -240 131 -127 797 N/A 491 376 N/A -74 302 143 -72 -962 703 -831 N/A -625 N/A -678 475 N/A 641 207 -268 -864 20 -381 296 N/A 974 716 122 N/A 47
-397 N/A -741 434 761 743 -936 -175 485 N/A -48 504 N/A 395 N/A 687 -357 N/A -867 -952 N/A -52 N/A 343 N/A 561 N/A 772 -627 908 112 -572 328 -326 -330 N/A 335 N/A 64 181 -648 752 N/A 85 239 -812 -55 -236 449 N/A 978 -902
-944 -376 -98 -523 N/A 703 -511 -30 -106 -502 121 N/A 313 595 N/A 536 615 N/A 850 356 -492 677 N/A 385 -149 552 360 -638 -883 N/A -524 -981 N/A -9 N/A 485 N/A 600 -460 N/A -605 -929 N/A -999 768 643
247 -301 N/A -104 -301 929 N/A 774 -231 N/A -524 -70 -212 N/A -925 N/A -316 -268 -329 240 364 -954 230 821 406 N/A -827 N/A 234 -976 393 34 -590 -489 N/A 707 N/A 409 N/A 504 N/A -796 -533 -908 580 N/A 487 15 -564 -574 N/A 657 -59 26 -727 -246 -574 -752 -106 -976 N/A -995 N/A -142 N/A 780 N/A 962 -436 -745 N/A -703
-345 389 N/A 521 N/A 800 -516 -207 N/A -52 648 740 125 -852 N/A -366 497 -232 -140 803 168 160 N/A -582 868 N/A -561 443 382 -764 -592 N/A -669 -236 243 N/A -80 -205 953 N/A -71 N/A 45 N/A -875 479 58 -976 -917 N/A -19 809 -902 N/A -643 884 -186 N/A -244 N/A -504 N/A 65 -669 N/A 549 465 935 -622 -355 N/A -760 -121
986 N/A 179 49 -808 435 -535 N/A 996 940 -572 -120 N/A -903 N/A 227 43 789 -981 625 -877 584 N/A 235 362 N/A 264 947 -154 759 N/A 942 692 N/A 549 75 -466 N/A -547 -215 -910 -723 -482 371 810 N/A -377 -89 N/A -998 N/A 467 -636 818 N/A 210 N/A -688 439 505 N/A 320 469 -878 620 N/A -730 N/A -39 -283
-788 N/A -470 -45 -933 N/A 37 -334 N/A -24 538 -97 307 69 -885 -146 -782 -851 185 699 N/A -132 N/A -632 798 N/A 441 -412 N/A 103 N/A -560 268 -394 928 N/A -172 258 556
50 791 267 -669 734 -525 N/A -811 -327 N/A 191 125 N/A -719 N/A 173 N/A 624 999 -58 584 843 N/A -50 -761 545 N/A 678 N/A -822 -429 890 -959 517 N/A -174 -856 -793 -363 -95 -653 N/A -270 N/A -283 N/A 757 N/A 757 647 148 256 -376 N/A 523 -637 428 166 N/A -532 263 71
80 0 303 N/A -518 -601 452 -403 -626 -407 -263 -255 -84 -662 -85 830 -501 -397 N/A -919 N/A 264 N/A -142 -495 N/A 131 N/A 27 -417 -153 N/A -550 -57 187 N/A -299 -528 N/A -400 N/A -221 285 945 -422 -41 -952 -733 N/A 832 624 51 -390 N/A -95 N/A 61 815 -658 N/A 291 N/A -465 -287 556 -623 N/A 775 N/A 860 -286 N/A 893
11 N/A -404 -365 -20 -85 770 -815 -673 151 N/A -511 N/A -584 N/A -659 492 447 -881 474 821 -437 N/A 183 N/A -430 N/A -827 404 N/A 604 -566 -189
-912 -71 506 -932 -833 N/A -182 451 N/A -387 N/A -600 N/A -659 N/A 748 N/A 107 471 838 N/A 178 -537 268 -962 -361 824 -155 N/A -217 N/A 198 838 795 N/A -81 173 769 693 N/A -896 N/A 292 -106 -33 941 -485 N/A 334 -226 N/A -536 -577 270 N/A -595 -257 -887 -388 -194 -716
-25 N/A -44 -421 190 -683 N/A 940 N/A -671 N/A 485 120 -380 N/A -997 612 -467 -74 400 N/A 643 582 20 227 N/A -697 -857 71 210
-123 616 191 586 -776 N/A 896 383 N/A -574 -19 N/A -425 -143 19 -410 544 N/A -819 327 -783 N/A -220 472 -884 N/A -302 -122 N/A 120 N/A 986 394 -361 442 N/A 354 490 930
207 N/A -18 -950 -106 -100 N/A 170 906 432 944 N/A 674 -77 N/A 947 -951 N/A -156 -849 566 N/A 400 -267 N/A 965 968 -703 106 -829 -262 -987 N/A -981 N/A 798 174 N/A -957 -381 322 -234 N/A -517 N/A -177 691 N/A -871 -872 -517 N/A -42 N/A -924 -343 -939 924 85 -635 N/A 303 835 282
526 N/A -615 N/A -351 N/A 62 -987 -531 929 -906 N/A -744 -93 866 476 N/A -694 469 -537 N/A -276 -628 -316 N/A 451 633 -804 337 -778 N/A 62 -242 649
621 -687 435 -466 -27 N/A 8 566 -93 810 N/A -697 N/A -411 612 616 918 979 N/A 912 870 787 -873 N/A 86 N/A 462 -873 287 N/A 319 -289 -707 N/A -511 N/A -573 -696 N/A 722
140 363 -657 N/A -787 738 N/A -502 481 N/A 122 N/A 704 987 N/A -569 -906 N/A 914 -479 196 N/A 517 N/A 79 775 819 294 N/A 252 677 N/A -957 -734 483 108 51 -54 81 324 586 846 N/A -331 -653 N/A 981 -936 246 -588 45 N/A 290 340 N/A -136
801 992 N/A 156 N/A -752 -835 -926 -219 N/A -761 -556 -592 423 N/A 960 N/A 815 -768 543 366 -716 N/A 574 -275
475 N/A 253 N/A -933 739 0 513 193 N/A -943 420 -570 51 -632 N/A -592 N/A 469 -342 750 -918 -908 -54 -360 N/A -195
587 N/A -626 N/A -462 111 -332 -928 572 -588 N/A 624 363 N/A -483 N/A 376 -527 -804 -124 N/A -837 N/A -427 N/A 968 7 -574 767 350 -518 321
-5 -134 N/A -323 N/A -77 N/A 890 -857 N/A -421 867 -186 992 940 644 45 -201 N/A 891 N/A 674 -111 -550 856
191 21 -558 155 764 -144 N/A -452 986 N/A 521 745 N/A -409 -814 98 N/A 978 -766 N/A -922 336 N/A -207 -797 -493
878 -394 N/A -481 888 231 N/A -99 280 -131 N/A 470 861 N/A -259 963 -96 N/A 807 -4 N/A 995 -997 605 N/A 805 -986 -302 -280 489 N/A 387 805 N/A -5 468 373 380 -864 N/A -686 -6 N/A 494 N/A 768 -870 -268 264 -601 -260 257 N/A 250 N/A 112
-283 -411 N/A -919 852 N/A 112 N/A 266 -673 N/A 378 71 N/A 590 -559 402 666 N/A 984 -126 -77 -5 222 -706 -216 -748 67 23 N/A -922